dd
aa
dd1
aa1
dd2
aa2
dd3
aa3dd4
aa4
dd4
aa4
dd2
aa2
dd2
aa2
dd2
aa2
dd2
aa2
dd3
aa3
dd3
aa3
dd3
aa3
dd3
aa3
asd
asd1
asd
asd1
dd3
dd3
asd
asd1
111
111
111
111
111
111
111
111
111
111
111
111
111
111
111
111
111
111
111
111
111
111
111
111
111
111
111
111
111
111
111
111
111
111
111
111
111
111
111
111
111
111
111
111
111
111
111
111
111
111
111
111
111
111
111
111
111
111
111
111
111
111
111
111
111
111
111
111
111
111
10
11
10
11
10
11
10
11
10
11
10
11
10
11
10
11
10
11
10
11
10
11
10
11
10
11
10
11
10
11
10
11
10
11
10
11
10
11
10
11
10
11
10
11
10
11
10
11
10
11
10
11
10
11
10
11
10
11
10
11
10
11
10
11
10
11
10
11
10
11
10
11
10
11
10
11
10
11
10
11
10
11
10
11
10
11
10
11
10
11
10
11
10
11
10
11
10
11
10
11
10
11
10
11
10
11
10
11
10
11
10
11
10
11
10
11
10
11
10
11
10
11
10
11
10
11
10
11
10
11
10
11
10
11
10
11
10
11
10
11
10
11
10
11
10
11
10
11
10
11
10
11
10
11
10
11
10
11
10
11
10
11
10
11
10
11
10
11
10
11
10
11
10
11
10
11
10
11
10
11
10
11
10
11
10
11
10
11
10
11
10
11
10
11
10
11
10
11
10
11
10
11
10
11
10
11
10
11
10
11
